chr	end	WT.count	mut.count	subclonal.CN	mutation.copy.number	subclonal.fraction	no.chrs.bearing.mut	phase
1	1	43	45	2	1.02272727272727	1.02272727272727	1	unphased
1	1	53	53	2	1	1	1	unphased
1	1	40	50	2	1.11111111111111	1.11111111111111	1	unphased
1	1	50	53	2	1.02912621359223	1.02912621359223	1	unphased
1	1	50	45	2	0.947368421052632	0.947368421052632	1	unphased
1	1	54	53	2	0.990654205607477	0.990654205607477	1	unphased
1	1	54	52	2	0.981132075471698	0.981132075471698	1	unphased
1	1	68	43	2	0.774774774774775	0.774774774774775	1	unphased
1	1	58	53	2	0.954954954954955	0.954954954954955	1	unphased
1	1	46	57	2	1.10679611650485	1.10679611650485	1	unphased
1	1	56	39	2	0.821052631578947	0.821052631578947	1	unphased
1	1	56	48	2	0.923076923076923	0.923076923076923	1	unphased
1	1	54	58	2	1.03571428571429	1.03571428571429	1	unphased
1	1	45	50	2	1.05263157894737	1.05263157894737	1	unphased
1	1	53	50	2	0.970873786407767	0.970873786407767	1	unphased
1	1	40	54	2	1.14893617021277	1.14893617021277	1	unphased
1	1	51	55	2	1.0377358490566	1.0377358490566	1	unphased
1	1	56	62	2	1.05084745762712	1.05084745762712	1	unphased
1	1	50	49	2	0.98989898989899	0.98989898989899	1	unphased
1	1	61	44	2	0.838095238095238	0.838095238095238	1	unphased
1	1	45	55	2	1.1	1.1	1	unphased
1	1	43	52	2	1.09473684210526	1.09473684210526	1	unphased
1	1	48	60	2	1.11111111111111	1.11111111111111	1	unphased
1	1	42	45	2	1.03448275862069	1.03448275862069	1	unphased
1	1	43	49	2	1.06521739130435	1.06521739130435	1	unphased
1	1	45	48	2	1.03225806451613	1.03225806451613	1	unphased
1	1	54	48	2	0.941176470588235	0.941176470588235	1	unphased
1	1	52	39	2	0.857142857142857	0.857142857142857	1	unphased
1	1	51	57	2	1.05555555555556	1.05555555555556	1	unphased
1	1	59	63	2	1.0327868852459	1.0327868852459	1	unphased
1	1	51	54	2	1.02857142857143	1.02857142857143	1	unphased
1	1	50	39	2	0.876404494382023	0.876404494382023	1	unphased
1	1	56	54	2	0.981818181818182	0.981818181818182	1	unphased
1	1	47	55	2	1.07843137254902	1.07843137254902	1	unphased
1	1	50	59	2	1.08256880733945	1.08256880733945	1	unphased
1	1	41	36	2	0.935064935064935	0.935064935064935	1	unphased
1	1	51	40	2	0.879120879120879	0.879120879120879	1	unphased
1	1	51	51	2	1	1	1	unphased
1	1	44	32	2	0.842105263157895	0.842105263157895	1	unphased
1	1	40	42	2	1.02439024390244	1.02439024390244	1	unphased
1	1	44	56	2	1.12	1.12	1	unphased
1	1	53	57	2	1.03636363636364	1.03636363636364	1	unphased
1	1	46	63	2	1.15596330275229	1.15596330275229	1	unphased
1	1	51	44	2	0.926315789473684	0.926315789473684	1	unphased
1	1	35	49	2	1.16666666666667	1.16666666666667	1	unphased
1	1	58	55	2	0.973451327433628	0.973451327433628	1	unphased
1	1	58	67	2	1.072	1.072	1	unphased
1	1	41	52	2	1.11827956989247	1.11827956989247	1	unphased
1	1	41	50	2	1.0989010989011	1.0989010989011	1	unphased
1	1	46	52	2	1.06122448979592	1.06122448979592	1	unphased
1	1	52	46	2	0.938775510204082	0.938775510204082	1	unphased
1	1	50	54	2	1.03846153846154	1.03846153846154	1	unphased
1	1	68	44	2	0.785714285714286	0.785714285714286	1	unphased
1	1	51	48	2	0.96969696969697	0.96969696969697	1	unphased
1	1	48	52	2	1.04	1.04	1	unphased
1	1	39	47	2	1.09302325581395	1.09302325581395	1	unphased
1	1	63	53	2	0.913793103448276	0.913793103448276	1	unphased
1	1	53	46	2	0.929292929292929	0.929292929292929	1	unphased
1	1	42	64	2	1.20754716981132	1.20754716981132	1	unphased
1	1	61	45	2	0.849056603773585	0.849056603773585	1	unphased
1	1	58	48	2	0.905660377358491	0.905660377358491	1	unphased
1	1	42	48	2	1.06666666666667	1.06666666666667	1	unphased
1	1	52	54	2	1.0188679245283	1.0188679245283	1	unphased
1	1	56	45	2	0.891089108910891	0.891089108910891	1	unphased
1	1	50	56	2	1.05660377358491	1.05660377358491	1	unphased
1	1	42	37	2	0.936708860759494	0.936708860759494	1	unphased
1	1	54	56	2	1.01818181818182	1.01818181818182	1	unphased
1	1	38	43	2	1.06172839506173	1.06172839506173	1	unphased
1	1	42	45	2	1.03448275862069	1.03448275862069	1	unphased
1	1	56	41	2	0.845360824742268	0.845360824742268	1	unphased
1	1	49	57	2	1.07547169811321	1.07547169811321	1	unphased
1	1	52	42	2	0.893617021276596	0.893617021276596	1	unphased
1	1	39	43	2	1.04878048780488	1.04878048780488	1	unphased
1	1	45	53	2	1.08163265306122	1.08163265306122	1	unphased
1	1	38	47	2	1.10588235294118	1.10588235294118	1	unphased
1	1	52	51	2	0.990291262135922	0.990291262135922	1	unphased
1	1	52	55	2	1.02803738317757	1.02803738317757	1	unphased
1	1	52	41	2	0.881720430107527	0.881720430107527	1	unphased
1	1	43	52	2	1.09473684210526	1.09473684210526	1	unphased
1	1	54	43	2	0.88659793814433	0.88659793814433	1	unphased
1	1	52	52	2	1	1	1	unphased
1	1	51	42	2	0.903225806451613	0.903225806451613	1	unphased
1	1	46	40	2	0.930232558139535	0.930232558139535	1	unphased
1	1	41	54	2	1.13684210526316	1.13684210526316	1	unphased
1	1	40	50	2	1.11111111111111	1.11111111111111	1	unphased
1	1	42	59	2	1.16831683168317	1.16831683168317	1	unphased
1	1	61	56	2	0.957264957264957	0.957264957264957	1	unphased
1	1	53	37	2	0.822222222222222	0.822222222222222	1	unphased
1	1	46	45	2	0.989010989010989	0.989010989010989	1	unphased
1	1	48	53	2	1.04950495049505	1.04950495049505	1	unphased
1	1	68	40	2	0.740740740740741	0.740740740740741	1	unphased
1	1	47	46	2	0.989247311827957	0.989247311827957	1	unphased
1	1	61	51	2	0.910714285714286	0.910714285714286	1	unphased
1	1	62	51	2	0.902654867256637	0.902654867256637	1	unphased
1	1	64	52	2	0.896551724137931	0.896551724137931	1	unphased
1	1	46	48	2	1.02127659574468	1.02127659574468	1	unphased
1	1	46	61	2	1.14018691588785	1.14018691588785	1	unphased
1	1	46	29	2	0.773333333333333	0.773333333333333	1	unphased
1	1	49	51	2	1.02	1.02	1	unphased
1	1	44	48	2	1.04347826086957	1.04347826086957	1	unphased
1	1	92	0	2	0	0	1	unphased
1	1	104	0	2	0	0	1	unphased
1	1	108	0	2	0	0	1	unphased
1	1	89	0	2	0	0	1	unphased
1	1	113	0	2	0	0	1	unphased
1	1	113	0	2	0	0	1	unphased
1	1	87	0	2	0	0	1	unphased
1	1	93	0	2	0	0	1	unphased
1	1	107	0	2	0	0	1	unphased
1	1	98	0	2	0	0	1	unphased
1	1	98	0	2	0	0	1	unphased
1	1	96	0	2	0	0	1	unphased
1	1	110	0	2	0	0	1	unphased
1	1	101	0	2	0	0	1	unphased
1	1	89	0	2	0	0	1	unphased
1	1	93	0	2	0	0	1	unphased
1	1	102	0	2	0	0	1	unphased
1	1	101	0	2	0	0	1	unphased
1	1	99	0	2	0	0	1	unphased
1	1	119	0	2	0	0	1	unphased
1	1	102	0	2	0	0	1	unphased
1	1	98	0	2	0	0	1	unphased
1	1	98	0	2	0	0	1	unphased
1	1	97	0	2	0	0	1	unphased
1	1	98	0	2	0	0	1	unphased
1	1	45	55	2	1.1	1.1	1	unphased
1	1	37	55	2	1.19565217391304	1.19565217391304	1	unphased
1	1	37	38	2	1.01333333333333	1.01333333333333	1	unphased
1	1	47	59	2	1.11320754716981	1.11320754716981	1	unphased
1	1	40	51	2	1.12087912087912	1.12087912087912	1	unphased
1	1	53	64	2	1.09401709401709	1.09401709401709	1	unphased
1	1	39	51	2	1.13333333333333	1.13333333333333	1	unphased
1	1	40	64	2	1.23076923076923	1.23076923076923	1	unphased
1	1	57	46	2	0.893203883495146	0.893203883495146	1	unphased
1	1	56	50	2	0.943396226415094	0.943396226415094	1	unphased
1	1	63	55	2	0.932203389830508	0.932203389830508	1	unphased
1	1	55	61	2	1.05172413793103	1.05172413793103	1	unphased
1	1	53	47	2	0.94	0.94	1	unphased
1	1	56	57	2	1.00884955752212	1.00884955752212	1	unphased
1	1	49	50	2	1.01010101010101	1.01010101010101	1	unphased
1	1	45	53	2	1.08163265306122	1.08163265306122	1	unphased
1	1	50	52	2	1.01960784313725	1.01960784313725	1	unphased
1	1	52	45	2	0.927835051546392	0.927835051546392	1	unphased
1	1	38	58	2	1.20833333333333	1.20833333333333	1	unphased
1	1	53	51	2	0.980769230769231	0.980769230769231	1	unphased
1	1	51	41	2	0.891304347826087	0.891304347826087	1	unphased
1	1	48	52	2	1.04	1.04	1	unphased
1	1	54	55	2	1.00917431192661	1.00917431192661	1	unphased
1	1	55	41	2	0.854166666666667	0.854166666666667	1	unphased
1	1	47	59	2	1.11320754716981	1.11320754716981	1	unphased
