chr	end	WT.count	mut.count	subclonal.CN	mutation.copy.number	subclonal.fraction	no.chrs.bearing.mut	phase
1	1	50	51	2	1.00990099009901	1.00990099009901	1	unphased
1	1	39	48	2	1.10344827586207	1.10344827586207	1	unphased
1	1	50	52	2	1.01960784313725	1.01960784313725	1	unphased
1	1	43	54	2	1.11340206185567	1.11340206185567	1	unphased
1	1	51	39	2	0.866666666666667	0.866666666666667	1	unphased
1	1	44	52	2	1.08333333333333	1.08333333333333	1	unphased
1	1	60	50	2	0.909090909090909	0.909090909090909	1	unphased
1	1	64	53	2	0.905982905982906	0.905982905982906	1	unphased
1	1	56	41	2	0.845360824742268	0.845360824742268	1	unphased
1	1	55	45	2	0.9	0.9	1	unphased
1	1	45	42	2	0.96551724137931	0.96551724137931	1	unphased
1	1	43	51	2	1.08510638297872	1.08510638297872	1	unphased
1	1	44	57	2	1.12871287128713	1.12871287128713	1	unphased
1	1	58	43	2	0.851485148514851	0.851485148514851	1	unphased
1	1	51	63	2	1.10526315789474	1.10526315789474	1	unphased
1	1	46	53	2	1.07070707070707	1.07070707070707	1	unphased
1	1	53	58	2	1.04504504504505	1.04504504504505	1	unphased
1	1	53	59	2	1.05357142857143	1.05357142857143	1	unphased
1	1	54	38	2	0.826086956521739	0.826086956521739	1	unphased
1	1	45	43	2	0.977272727272727	0.977272727272727	1	unphased
1	1	35	48	2	1.1566265060241	1.1566265060241	1	unphased
1	1	53	50	2	0.970873786407767	0.970873786407767	1	unphased
1	1	53	55	2	1.01851851851852	1.01851851851852	1	unphased
1	1	38	46	2	1.0952380952381	1.0952380952381	1	unphased
1	1	57	46	2	0.893203883495146	0.893203883495146	1	unphased
1	1	47	53	2	1.06	1.06	1	unphased
1	1	57	51	2	0.944444444444444	0.944444444444444	1	unphased
1	1	65	44	2	0.807339449541284	0.807339449541284	1	unphased
1	1	39	47	2	1.09302325581395	1.09302325581395	1	unphased
1	1	53	45	2	0.918367346938776	0.918367346938776	1	unphased
1	1	47	55	2	1.07843137254902	1.07843137254902	1	unphased
1	1	52	55	2	1.02803738317757	1.02803738317757	1	unphased
1	1	50	42	2	0.91304347826087	0.91304347826087	1	unphased
1	1	30	54	2	1.28571428571429	1.28571428571429	1	unphased
1	1	51	46	2	0.948453608247423	0.948453608247423	1	unphased
1	1	57	46	2	0.893203883495146	0.893203883495146	1	unphased
1	1	52	57	2	1.04587155963303	1.04587155963303	1	unphased
1	1	40	38	2	0.974358974358974	0.974358974358974	1	unphased
1	1	57	53	2	0.963636363636364	0.963636363636364	1	unphased
1	1	36	48	2	1.14285714285714	1.14285714285714	1	unphased
1	1	64	36	2	0.72	0.72	1	unphased
1	1	37	45	2	1.09756097560976	1.09756097560976	1	unphased
1	1	48	53	2	1.04950495049505	1.04950495049505	1	unphased
1	1	43	52	2	1.09473684210526	1.09473684210526	1	unphased
1	1	56	50	2	0.943396226415094	0.943396226415094	1	unphased
1	1	60	44	2	0.846153846153846	0.846153846153846	1	unphased
1	1	39	67	2	1.26415094339623	1.26415094339623	1	unphased
1	1	44	43	2	0.988505747126437	0.988505747126437	1	unphased
1	1	37	57	2	1.21276595744681	1.21276595744681	1	unphased
1	1	55	37	2	0.804347826086957	0.804347826086957	1	unphased
1	1	47	49	2	1.02083333333333	1.02083333333333	1	unphased
1	1	54	42	2	0.875	0.875	1	unphased
1	1	42	57	2	1.15151515151515	1.15151515151515	1	unphased
1	1	54	50	2	0.961538461538462	0.961538461538462	1	unphased
1	1	50	56	2	1.05660377358491	1.05660377358491	1	unphased
1	1	56	42	2	0.857142857142857	0.857142857142857	1	unphased
1	1	48	60	2	1.11111111111111	1.11111111111111	1	unphased
1	1	48	51	2	1.03030303030303	1.03030303030303	1	unphased
1	1	55	48	2	0.932038834951456	0.932038834951456	1	unphased
1	1	69	54	2	0.878048780487805	0.878048780487805	1	unphased
1	1	58	56	2	0.982456140350877	0.982456140350877	1	unphased
1	1	56	59	2	1.02608695652174	1.02608695652174	1	unphased
1	1	58	65	2	1.05691056910569	1.05691056910569	1	unphased
1	1	48	43	2	0.945054945054945	0.945054945054945	1	unphased
1	1	40	55	2	1.15789473684211	1.15789473684211	1	unphased
1	1	45	62	2	1.1588785046729	1.1588785046729	1	unphased
1	1	57	42	2	0.848484848484849	0.848484848484849	1	unphased
1	1	48	45	2	0.967741935483871	0.967741935483871	1	unphased
1	1	51	39	2	0.866666666666667	0.866666666666667	1	unphased
1	1	47	51	2	1.04081632653061	1.04081632653061	1	unphased
1	1	46	47	2	1.01075268817204	1.01075268817204	1	unphased
1	1	50	47	2	0.969072164948454	0.969072164948454	1	unphased
1	1	50	48	2	0.979591836734694	0.979591836734694	1	unphased
1	1	46	58	2	1.11538461538462	1.11538461538462	1	unphased
1	1	44	52	2	1.08333333333333	1.08333333333333	1	unphased
1	1	47	51	2	1.04081632653061	1.04081632653061	1	unphased
1	1	54	54	2	1	1	1	unphased
1	1	59	36	2	0.757894736842105	0.757894736842105	1	unphased
1	1	46	46	2	1	1	1	unphased
1	1	40	44	2	1.04761904761905	1.04761904761905	1	unphased
1	1	55	44	2	0.888888888888889	0.888888888888889	1	unphased
1	1	57	54	2	0.972972972972973	0.972972972972973	1	unphased
1	1	40	51	2	1.12087912087912	1.12087912087912	1	unphased
1	1	45	55	2	1.1	1.1	1	unphased
1	1	47	53	2	1.06	1.06	1	unphased
1	1	48	51	2	1.03030303030303	1.03030303030303	1	unphased
1	1	48	45	2	0.967741935483871	0.967741935483871	1	unphased
1	1	46	54	2	1.08	1.08	1	unphased
1	1	45	66	2	1.18918918918919	1.18918918918919	1	unphased
1	1	40	55	2	1.15789473684211	1.15789473684211	1	unphased
1	1	49	35	2	0.833333333333333	0.833333333333333	1	unphased
1	1	57	56	2	0.991150442477876	0.991150442477876	1	unphased
1	1	60	46	2	0.867924528301887	0.867924528301887	1	unphased
1	1	39	54	2	1.16129032258065	1.16129032258065	1	unphased
1	1	46	54	2	1.08	1.08	1	unphased
1	1	47	49	2	1.02083333333333	1.02083333333333	1	unphased
1	1	42	48	2	1.06666666666667	1.06666666666667	1	unphased
1	1	42	52	2	1.1063829787234	1.1063829787234	1	unphased
1	1	59	50	2	0.917431192660551	0.917431192660551	1	unphased
1	1	56	49	2	0.933333333333333	0.933333333333333	1	unphased
1	1	41	47	2	1.06818181818182	1.06818181818182	1	unphased
1	1	53	49	2	0.96078431372549	0.96078431372549	1	unphased
1	1	45	43	2	0.977272727272727	0.977272727272727	1	unphased
1	1	53	51	2	0.980769230769231	0.980769230769231	1	unphased
1	1	44	54	2	1.10204081632653	1.10204081632653	1	unphased
1	1	56	50	2	0.943396226415094	0.943396226415094	1	unphased
1	1	44	48	2	1.04347826086957	1.04347826086957	1	unphased
1	1	50	58	2	1.07407407407407	1.07407407407407	1	unphased
1	1	61	56	2	0.957264957264957	0.957264957264957	1	unphased
1	1	48	41	2	0.921348314606742	0.921348314606742	1	unphased
1	1	53	53	2	1	1	1	unphased
1	1	55	63	2	1.06779661016949	1.06779661016949	1	unphased
1	1	48	54	2	1.05882352941176	1.05882352941176	1	unphased
1	1	41	48	2	1.07865168539326	1.07865168539326	1	unphased
1	1	53	48	2	0.95049504950495	0.95049504950495	1	unphased
1	1	49	47	2	0.979166666666667	0.979166666666667	1	unphased
1	1	50	49	2	0.98989898989899	0.98989898989899	1	unphased
1	1	58	56	2	0.982456140350877	0.982456140350877	1	unphased
1	1	56	42	2	0.857142857142857	0.857142857142857	1	unphased
1	1	44	51	2	1.07368421052632	1.07368421052632	1	unphased
1	1	38	65	2	1.2621359223301	1.2621359223301	1	unphased
1	1	58	59	2	1.00854700854701	1.00854700854701	1	unphased
1	1	51	50	2	0.99009900990099	0.99009900990099	1	unphased
1	1	63	51	2	0.894736842105263	0.894736842105263	1	unphased
1	1	40	43	2	1.03614457831325	1.03614457831325	1	unphased
1	1	84	0	2	0	0	1	unphased
1	1	84	0	2	0	0	1	unphased
1	1	122	0	2	0	0	1	unphased
1	1	83	0	2	0	0	1	unphased
1	1	100	0	2	0	0	1	unphased
1	1	114	0	2	0	0	1	unphased
1	1	106	0	2	0	0	1	unphased
1	1	82	0	2	0	0	1	unphased
1	1	103	0	2	0	0	1	unphased
1	1	109	0	2	0	0	1	unphased
1	1	106	0	2	0	0	1	unphased
1	1	110	0	2	0	0	1	unphased
1	1	109	0	2	0	0	1	unphased
1	1	95	0	2	0	0	1	unphased
1	1	104	0	2	0	0	1	unphased
1	1	114	0	2	0	0	1	unphased
1	1	100	0	2	0	0	1	unphased
1	1	99	0	2	0	0	1	unphased
1	1	95	0	2	0	0	1	unphased
1	1	100	0	2	0	0	1	unphased
1	1	95	0	2	0	0	1	unphased
1	1	111	0	2	0	0	1	unphased
1	1	114	0	2	0	0	1	unphased
1	1	88	0	2	0	0	1	unphased
1	1	110	0	2	0	0	1	unphased
