chr	end	WT.count	mut.count	subclonal.CN	mutation.copy.number	subclonal.fraction	no.chrs.bearing.mut	phase
1	1	38	42	2	1.05	1.05	1	unphased
1	2	44	55	2	1.11111111111111	1.11111111111111	1	unphased
1	3	50	48	2	0.979591836734694	0.979591836734694	1	unphased
1	4	51	52	2	1.00970873786408	1.00970873786408	1	unphased
1	5	40	46	2	1.06976744186047	1.06976744186047	1	unphased
1	6	69	45	2	0.789473684210526	0.789473684210526	1	unphased
1	7	42	64	2	1.20754716981132	1.20754716981132	1	unphased
1	8	42	57	2	1.15151515151515	1.15151515151515	1	unphased
1	9	53	48	2	0.95049504950495	0.95049504950495	1	unphased
1	10	56	47	2	0.912621359223301	0.912621359223301	1	unphased
1	11	36	56	2	1.21739130434783	1.21739130434783	1	unphased
1	12	50	44	2	0.936170212765957	0.936170212765957	1	unphased
1	13	45	38	2	0.91566265060241	0.91566265060241	1	unphased
1	14	44	64	2	1.18518518518519	1.18518518518519	1	unphased
1	15	54	53	2	0.990654205607477	0.990654205607477	1	unphased
1	16	57	50	2	0.934579439252336	0.934579439252336	1	unphased
1	17	43	46	2	1.03370786516854	1.03370786516854	1	unphased
1	18	43	47	2	1.04444444444444	1.04444444444444	1	unphased
1	19	54	46	2	0.92	0.92	1	unphased
1	20	48	42	2	0.933333333333333	0.933333333333333	1	unphased
1	21	49	54	2	1.04854368932039	1.04854368932039	1	unphased
1	22	40	50	2	1.11111111111111	1.11111111111111	1	unphased
1	23	42	53	2	1.11578947368421	1.11578947368421	1	unphased
1	24	54	63	2	1.07692307692308	1.07692307692308	1	unphased
1	25	56	43	2	0.868686868686869	0.868686868686869	1	unphased
1	26	46	55	2	1.08910891089109	1.08910891089109	1	unphased
1	27	48	36	2	0.857142857142857	0.857142857142857	1	unphased
1	28	55	54	2	0.990825688073395	0.990825688073395	1	unphased
1	29	50	51	2	1.00990099009901	1.00990099009901	1	unphased
1	30	44	52	2	1.08333333333333	1.08333333333333	1	unphased
1	31	48	57	2	1.08571428571429	1.08571428571429	1	unphased
1	32	42	55	2	1.1340206185567	1.1340206185567	1	unphased
1	33	53	51	2	0.980769230769231	0.980769230769231	1	unphased
1	34	55	44	2	0.888888888888889	0.888888888888889	1	unphased
1	35	62	55	2	0.94017094017094	0.94017094017094	1	unphased
1	36	43	50	2	1.0752688172043	1.0752688172043	1	unphased
1	37	42	45	2	1.03448275862069	1.03448275862069	1	unphased
1	38	57	57	2	1	1	1	unphased
1	39	56	46	2	0.901960784313726	0.901960784313726	1	unphased
1	40	52	36	2	0.818181818181818	0.818181818181818	1	unphased
1	41	46	43	2	0.966292134831461	0.966292134831461	1	unphased
1	42	46	45	2	0.989010989010989	0.989010989010989	1	unphased
1	43	50	47	2	0.969072164948454	0.969072164948454	1	unphased
1	44	60	61	2	1.00826446280992	1.00826446280992	1	unphased
1	45	74	52	2	0.825396825396825	0.825396825396825	1	unphased
1	46	56	31	2	0.71264367816092	0.71264367816092	1	unphased
1	47	47	58	2	1.1047619047619	1.1047619047619	1	unphased
1	48	43	51	2	1.08510638297872	1.08510638297872	1	unphased
1	49	45	47	2	1.02173913043478	1.02173913043478	1	unphased
1	50	52	52	2	1	1	1	unphased
1	51	53	55	2	1.01851851851852	1.01851851851852	1	unphased
1	52	67	54	2	0.892561983471074	0.892561983471074	1	unphased
1	53	43	52	2	1.09473684210526	1.09473684210526	1	unphased
1	54	48	55	2	1.06796116504854	1.06796116504854	1	unphased
1	55	47	63	2	1.14545454545455	1.14545454545455	1	unphased
1	56	59	39	2	0.795918367346939	0.795918367346939	1	unphased
1	57	42	44	2	1.02325581395349	1.02325581395349	1	unphased
1	58	43	49	2	1.06521739130435	1.06521739130435	1	unphased
1	59	50	51	2	1.00990099009901	1.00990099009901	1	unphased
1	60	45	45	2	1	1	1	unphased
1	61	54	63	2	1.07692307692308	1.07692307692308	1	unphased
1	62	50	47	2	0.969072164948454	0.969072164948454	1	unphased
1	63	45	42	2	0.96551724137931	0.96551724137931	1	unphased
1	64	47	59	2	1.11320754716981	1.11320754716981	1	unphased
1	65	38	54	2	1.17391304347826	1.17391304347826	1	unphased
1	66	44	51	2	1.07368421052632	1.07368421052632	1	unphased
1	67	59	54	2	0.955752212389381	0.955752212389381	1	unphased
1	68	44	48	2	1.04347826086957	1.04347826086957	1	unphased
1	69	65	50	2	0.869565217391304	0.869565217391304	1	unphased
1	70	54	49	2	0.951456310679612	0.951456310679612	1	unphased
1	71	44	62	2	1.16981132075472	1.16981132075472	1	unphased
1	72	44	46	2	1.02222222222222	1.02222222222222	1	unphased
1	73	52	47	2	0.94949494949495	0.94949494949495	1	unphased
1	74	55	56	2	1.00900900900901	1.00900900900901	1	unphased
1	75	36	52	2	1.18181818181818	1.18181818181818	1	unphased
1	76	48	42	2	0.933333333333333	0.933333333333333	1	unphased
1	77	57	46	2	0.893203883495146	0.893203883495146	1	unphased
1	78	45	51	2	1.0625	1.0625	1	unphased
1	79	63	52	2	0.904347826086957	0.904347826086957	1	unphased
1	80	45	51	2	1.0625	1.0625	1	unphased
1	81	67	43	2	0.781818181818182	0.781818181818182	1	unphased
1	82	46	43	2	0.966292134831461	0.966292134831461	1	unphased
1	83	52	49	2	0.97029702970297	0.97029702970297	1	unphased
1	84	52	48	2	0.96	0.96	1	unphased
1	85	57	42	2	0.848484848484849	0.848484848484849	1	unphased
1	86	56	52	2	0.962962962962963	0.962962962962963	1	unphased
1	87	56	46	2	0.901960784313726	0.901960784313726	1	unphased
1	88	55	46	2	0.910891089108911	0.910891089108911	1	unphased
1	89	53	45	2	0.918367346938776	0.918367346938776	1	unphased
1	90	48	48	2	1	1	1	unphased
1	91	44	49	2	1.05376344086022	1.05376344086022	1	unphased
1	92	44	39	2	0.939759036144578	0.939759036144578	1	unphased
1	93	44	43	2	0.988505747126437	0.988505747126437	1	unphased
1	94	39	52	2	1.14285714285714	1.14285714285714	1	unphased
1	95	44	43	2	0.988505747126437	0.988505747126437	1	unphased
1	96	58	37	2	0.778947368421053	0.778947368421053	1	unphased
1	97	47	60	2	1.1214953271028	1.1214953271028	1	unphased
1	98	52	51	2	0.990291262135922	0.990291262135922	1	unphased
1	99	48	51	2	1.03030303030303	1.03030303030303	1	unphased
1	100	46	47	2	1.01075268817204	1.01075268817204	1	unphased
1	101	84	21	2	0.4	0.4	1	unphased
1	102	89	21	2	0.381818181818182	0.381818181818182	1	unphased
1	103	73	31	2	0.596153846153846	0.596153846153846	1	unphased
1	104	67	22	2	0.49438202247191	0.49438202247191	1	unphased
1	105	64	27	2	0.593406593406593	0.593406593406593	1	unphased
1	106	90	20	2	0.363636363636364	0.363636363636364	1	unphased
1	107	84	23	2	0.429906542056075	0.429906542056075	1	unphased
1	108	65	25	2	0.555555555555556	0.555555555555556	1	unphased
1	109	84	25	2	0.458715596330275	0.458715596330275	1	unphased
1	110	80	22	2	0.431372549019608	0.431372549019608	1	unphased
1	111	75	24	2	0.484848484848485	0.484848484848485	1	unphased
1	112	82	18	2	0.36	0.36	1	unphased
1	113	83	28	2	0.504504504504504	0.504504504504504	1	unphased
1	114	65	28	2	0.602150537634409	0.602150537634409	1	unphased
1	115	71	21	2	0.456521739130435	0.456521739130435	1	unphased
1	116	71	27	2	0.551020408163265	0.551020408163265	1	unphased
1	117	84	18	2	0.352941176470588	0.352941176470588	1	unphased
1	118	75	23	2	0.469387755102041	0.469387755102041	1	unphased
1	119	83	29	2	0.517857142857143	0.517857142857143	1	unphased
1	120	75	32	2	0.598130841121495	0.598130841121495	1	unphased
1	121	84	23	2	0.429906542056075	0.429906542056075	1	unphased
1	122	83	27	2	0.490909090909091	0.490909090909091	1	unphased
1	123	91	32	2	0.520325203252033	0.520325203252033	1	unphased
1	124	79	34	2	0.601769911504425	0.601769911504425	1	unphased
1	125	69	23	2	0.5	0.5	1	unphased
1	126	88	13	2	0.257425742574257	0.257425742574257	1	unphased
1	127	65	16	2	0.395061728395062	0.395061728395062	1	unphased
1	128	96	9	2	0.171428571428571	0.171428571428571	1	unphased
1	129	71	13	2	0.30952380952381	0.30952380952381	1	unphased
1	130	75	15	2	0.333333333333333	0.333333333333333	1	unphased
1	131	87	14	2	0.277227722772277	0.277227722772277	1	unphased
1	132	92	16	2	0.296296296296296	0.296296296296296	1	unphased
1	133	78	11	2	0.247191011235955	0.247191011235955	1	unphased
1	134	68	18	2	0.418604651162791	0.418604651162791	1	unphased
1	135	84	19	2	0.368932038834951	0.368932038834951	1	unphased
1	136	92	11	2	0.213592233009709	0.213592233009709	1	unphased
1	137	99	11	2	0.2	0.2	1	unphased
1	138	80	9	2	0.202247191011236	0.202247191011236	1	unphased
1	139	71	16	2	0.367816091954023	0.367816091954023	1	unphased
1	140	79	15	2	0.319148936170213	0.319148936170213	1	unphased
1	141	88	17	2	0.323809523809524	0.323809523809524	1	unphased
1	142	87	11	2	0.224489795918367	0.224489795918367	1	unphased
1	143	86	15	2	0.297029702970297	0.297029702970297	1	unphased
1	144	89	17	2	0.320754716981132	0.320754716981132	1	unphased
1	145	84	14	2	0.285714285714286	0.285714285714286	1	unphased
1	146	87	17	2	0.326923076923077	0.326923076923077	1	unphased
1	147	92	15	2	0.280373831775701	0.280373831775701	1	unphased
1	148	88	15	2	0.29126213592233	0.29126213592233	1	unphased
1	149	97	16	2	0.283185840707965	0.283185840707965	1	unphased
1	150	75	11	2	0.255813953488372	0.255813953488372	1	unphased
